[gd_scene load_steps=7 format=2]

[ext_resource path="res://dungeon/Corridor.tscn" type="PackedScene" id=1]
[ext_resource path="res://dungeon/roots2.tscn" type="PackedScene" id=2]
[ext_resource path="res://dungeon/PollenSource.tscn" type="PackedScene" id=3]
[ext_resource path="res://dungeon/tiles/CorridorPollenSource.gd" type="Script" id=4]
[ext_resource path="res://util/PerspectiveSprite.tscn" type="PackedScene" id=5]
[ext_resource path="res://art_exports/props/pollen_generator.png" type="Texture" id=6]

[node name="CorridorPollenSource" type="Spatial"]
script = ExtResource( 4 )

[node name="corridor" parent="." instance=ExtResource( 1 )]

[node name="Roots_2" parent="." instance=ExtResource( 2 )]
transform = Transform( 0.11609, 0.993239, 0, -0.993239, 0.11609, 0, 0, 0, 1, 0, 0, 0.43 )

[node name="Roots_3" parent="." instance=ExtResource( 2 )]
transform = Transform( -0.0459813, -0.393405, -0.918215, -0.993239, 0.11609, 0, 0.106596, 0.912006, -0.396083, 0, 0, -0.13 )

[node name="Roots_4" parent="." instance=ExtResource( 2 )]
transform = Transform( -0.04598, -0.393394, 0.918219, -0.993239, 0.11609, 0, -0.106596, -0.912011, -0.396072, 0.7, 0, 0.06 )

[node name="PollenGenerator" parent="." instance=ExtResource( 3 )]
transform = Transform( 1, 0, 0, 0, 1, 0, 0, 0, 1, 0, 1.92, 0 )

[node name="PerspectiveSprite" parent="." instance=ExtResource( 5 )]
defined_frames = [ "front" ]
frames = [ ExtResource( 6 ) ]
image_offsets = [ Vector3( 0, 0, 0 ) ]
width_in_meters = 3.0
